4.007453188484098
3.314676025767385
3.034028634612943
2.996483988232083
2.9137115713990767
2.822539260357986
2.84239967075395
2.7756351953671303
2.713766717616423
2.6567654462508212
2.5495531220494967
2.5211894350287354
2.542720447351903
2.5080893554805237
2.4938061149032027
2.461198067959444
2.3955316499427513
2.363518199802917
2.373900713743987
2.3917840204121155
2.4758552298133756
2.4366078406204412
2.335728078712652
2.341531041227741
2.302402820116208
2.3896558225890736
2.304879892019578
2.371878205994029
2.300245866363431
2.265699670638567
2.3022966723383207
2.322830927224807
2.26047843179585
2.240479654735989
2.2497067892992937
2.2179682858196306
2.265400324338748
2.206122741287137
2.2071352417086376
2.256473891529036
2.1927584336127763
2.1693011860788602
2.209455883061444
2.167950549243409
2.2577447361416287
2.1767935782303045
2.1951541709311213
2.1937092307173174
2.1096677279766696
2.208559192257163
2.185416312865269
2.22623555601379
2.2429704872178444
2.083900976328202
2.1220682197146945
2.162584708060747
2.0829385416007336
2.0892775706302973
2.077100525667638
2.1369558955416266
2.087206022239026
2.1101628644966786
2.182555176593639
2.079192004086059
2.0627680943336015
2.060986184779509
2.1106674332677584
2.1027683093224043
2.091384893582191
2.0481753673082514
2.0996791580576954
2.0895141804659807
2.109960455953339
2.111768235394984
2.0057752824123996
2.063945057951374
2.0787135730555026
2.0505344014108915
2.0319338006737793
2.0998367306626875
2.0305992556206975
2.025510080066728
2.0199936716644853
2.056046321068281
2.0165740560602257
2.073082232180937
1.9959950697274855
1.9481355982062258
1.9976662103040719
2.0640101668275435
1.9931484858194988
2.0407960929988342
2.0157525877893705
1.9911215128722015
1.9652091573785853
1.9941592540270017
1.9772952530119154
1.9183717244937095
2.056320243411594
1.9882889220744004
1.9432401833710846
1.9403368646715895
1.9514845653816506
2.0000154103761836
1.9772700321527175
1.9705024265948636
1.9611398275987602
1.952960541218887
1.989383226559486
1.9593319613256572
1.9835259428730718
1.929366981541669
1.9337129416289154
1.8717282613118489
1.9906220303641424
2.036574403444926
1.9518333511588015
1.9636871299625915
1.9982447535903365
1.9343703926345448
1.9444606723608795
1.9499538445178373
1.9074369212727489
1.890084246058523
1.8736216109475972
1.8890619881359147
1.913018164811311
1.8883751292287567
1.8763704344078347
1.924633745793943
1.9864169535813507
1.8959595244607808
1.9669666923122642
1.919009585439423
1.8894722873781935
1.9034498620916296
1.8597018542113128
1.9085293242960801
1.8550311783213673
1.8344202998243733
1.861518766409085
1.9181313190931155
1.8392492238386178
1.867206073101656
1.9358255465825398
1.8943786341467022
1.8539543872998085
1.889279517126672
1.7834491979928664
1.8988397356904583
1.8517466695220381
1.8501397842242393
1.875986306755631
1.789761844240589
1.794972285076424
1.8014549340730832
1.7607926512941903
1.8368327529342086
1.7583285768826802
1.8152122519634388
1.8261391189363267
1.8572566936045518
1.8015795092523834
1.8423784470852511
1.9110217256310544
1.7904485508247658
1.7581761751645877
1.8557742451444084
1.8200076789031794
1.8347220656312542
1.824824807084637
1.8045968759207078
1.8026831150054932
1.8188411012107943
1.7978913842895885
1.813073096451936
1.7358545786068764
1.8963477022853898
1.8581925998499365
1.7193743895601343
1.7590686450769872
1.760940048429701
1.9130354148370248
1.819818511421298
1.8495733679076771
1.8189682335029413
1.8163717970436002
1.8068685060665932
1.7671492217499534
1.775816254409743
1.7974802491105633
1.7711347930225325
1.8395084613635215
1.9045042785597437
1.7771169874403212
1.7521242138780193
1.732032276230094
1.7027632645618769
1.696627218046306
1.769553216887109
1.7659718063142564
1.7899743465729703
1.7020356036998607
1.7111676291183189
1.7584808814672777
1.754590670267741
1.725626227296429
1.7319320145948434
1.791512053689839
1.7356914590906214
1.7167263987623615
1.765080956765163
1.7839998286447407
1.721666349305047
1.7594231043332889
1.685254039587798
1.687491324212816
1.7574152092874786
1.685953982818274
1.715608064039254
1.7261739520379056
1.7874524122402993
1.6867168214586046
1.680152138074239
1.695167613618168
1.7177859839097953
1.6960746101391169
1.7601919453821064
1.689169607044738
1.7007132010695376
1.7453349652113739
1.736280781251413
1.7671199050950415
1.7536188893847995
1.719119288303234
1.738862133320467
1.6700709285559479
1.679180328492765
1.6906723269709834
1.7712344078370084
1.7696618378898243
1.8031297848548418
1.7494966159632177
1.785182601875729
1.7027122010419398
1.689593240066811
1.6711684958434398
1.7533990733417464
1.7712183793385823
1.7013294446615526
1.6989662912156847
1.7405025326175454
1.7323255082707347
1.6907331428410095
1.6927232521551627
1.6973755999847695
1.7520030839943592
1.7262033761283497
1.7815185601328627
1.7262502452473583
1.6939749467520067
1.6977340895452617
1.675835367338157
1.6926217123314187
1.6988427639007568
1.6901973912745347
1.6750821787634014
1.7030274397061196
1.658647918406828
1.6807590237370245
1.654265453050166
1.6481794692851879
1.6333983349211423
1.6567207530692771
1.6884658086447069
1.6693960494465299
1.7339905161916473
1.705328474810094
1.6356743316591522
1.632424356760802
1.691079831417696
1.714690923690796
1.6631864544786052
1.6866475409931607
1.6321213922382873
1.6764247675000885
1.7044412780691076
1.7891107738753895
1.7016440394483967
1.6381154325273302
1.679455257492301
1.6635706689622667
1.6766541202863057
1.5965848153020128
1.771464455274888
1.6416792935795255
1.6822491729701008
1.7144984124619285
1.6377330679952362
1.67636944261598
1.8051469796969566
1.7008715176287992
1.6762462147959956
1.7158528919573184
1.6868079841872792
1.6998326660674294
1.6588866946137981
1.692814842418388
1.6124567477791398
1.6449053515622645
1.5788627487641793
1.6195401438960322
1.6050234466423223
1.7075048839604412
1.7398239013589458
1.5356032774772173
1.5594180145381409
1.5438301342504996
1.5073760446207023
1.6221295455355702
1.591930960431511
1.5740653982868902
1.6532382229228078
1.6013714222260464
1.6249700137126593
1.699351362976027
1.6339410624386352
1.6356069607499204
1.5501031279563904
1.633147747428329
1.585893146785689
1.5715548359317544
1.5394816332393222
1.5696275094409047
1.533033068533297
1.5586995739995697
1.5388181923348228
1.6105133559968736
1.618242487495328
1.5774940605516787
1.5121023456255596
1.548498660326004
1.560846565682211
1.6562389334042866
1.5689136820074954
1.5388138073462028
1.5774318333025332
1.509792995305709
1.5762581803180553
1.5320165039580544
1.5165777971715102
1.570375215124201
1.5165956219037373
1.6228679771776553
1.601154097068457
1.555987493491467
1.4727749603765983
1.558754257949782
1.5955760501049183
1.5957100715166257
1.586752923918359
1.624445950543439
1.5739502730192962
1.5494337523425068
1.5280352867679832
1.586689090287244
1.5507417181391774
1.5011897190117542
1.5371823377079434
1.5553108078462106
1.5359142025311787
1.5092942000907144
1.5944181857285675
1.4802920251716802
1.5357328704845759
1.5219341185357835
1.495852953121986
1.5737271801925
1.5753979432730028
1.5672712392277188
1.5244214130036624
1.4351238726097861
1.458563546339671
1.510788325910215
1.4690411186512606
1.528924426914733
1.497424782058339
1.5829120653646964
1.5157614828627786
1.543420069011641
1.4752322221979683
1.453172086197653
1.5483402639259527
1.5182949635717604
1.5083495488873235
1.5205154941405779
1.5092766697024123
1.4505242933461695
1.5419465516820365
1.4269098006648782
0.0
