4.797595674608961
4.213599349245613
4.059326672259672
3.912116951412625
3.621238593701963
3.578332274048417
3.6454467125880865
3.350272155102388
3.2745561481993875
3.2257705088014954
3.0963983211988286
3.1080682395417014
3.0960053750026373
3.0498877528273027
2.979986829522215
2.8912532417862504
2.8955426981419694
2.9271793615670854
2.850490124137313
2.7193379564049804
2.723631633652581
2.763823621067
2.761834615542565
2.6463235675552745
2.6147227728808367
2.6501700819274525
2.5987803435619967
2.5721150975168485
2.553623721923357
2.5196506535565413
2.4910696847939198
2.4610372811187933
2.4358195728725858
2.481784140622174
2.4114192474035567
2.4253567251158348
2.4050696499553728
2.4067964568550204
2.4078884566271745
2.4252478546566434
2.3457836354220354
2.3175720697567788
2.405818572750798
2.3071853540561817
2.3495644051351663
2.316806133882499
2.3317666863217767
2.2679546262011114
2.1998477511935763
2.2834943106145036
2.269994690094465
2.3289002474443414
2.295376521569711
2.2263371679517956
2.2383663301114685
2.26155893890946
2.2614436753002214
2.2071918219695856
2.135878986782498
2.2265358913091964
2.2565228791884433
2.255148254794839
2.1842670528977006
2.197208511976548
2.1609272824393377
2.2183126696833857
2.172679246207814
2.2418166943538336
2.1405893314031905
2.146286076233711
2.1783245537016125
2.102186612140985
2.1732486927950823
2.1150415252756187
2.1108514997694225
2.1295426348109303
2.186681647359589
2.1179477506213717
2.139732989264123
2.1004114945729575
2.0907578070958457
2.116613130510589
2.0616535095520963
2.0733865205152533
2.1143908750863725
1.9749028932901076
1.9745397214536313
2.006715260905984
2.0584234720394936
2.0759826913292025
1.9676146801607108
1.9948258370528986
1.9629709117206526
2.020822258643162
1.9803932390095276
1.9931149850656957
1.9647766292831044
2.03521795184524
2.023314318539184
2.009837294802254
1.9298986549730655
1.9164917439590266
1.9641418089101343
1.935427721635795
1.9455513012262038
1.9137937389774087
1.8978848280730072
1.984422414391129
1.9984764832037467
1.9333762136506445
1.9994842961982444
1.9083480444955236
1.9223431481255426
1.905282547444473
1.9449291126227672
1.9649552666110757
1.9515097538630168
1.8628933944819885
1.9380402314810106
1.8361362049609056
1.958369141743507
1.901031024662065
1.9170266816645494
1.9448831213845148
1.8938021836457428
1.941363932173929
1.9673844325689622
1.8739469345705009
1.9211024428591317
1.8720684198685635
1.9032273160086737
1.8615575852217499
1.9064101054344649
1.8794324177282828
1.8412773211797078
1.8837303276415225
1.8305400300908972
1.8534354471865995
1.9026040199362202
1.8626707188877059
1.8170229019942108
1.7937168618779125
1.8013061549928453
1.8700094046416107
1.8251546459433474
1.838292008564796
1.8938292014746019
1.886855959892273
1.7984558432190507
1.834830273816615
1.8783468611446428
1.8328000836902194
1.8265921215952179
1.9162582747730208
1.7614388936831626
1.776773931067667
1.8473675030249137
1.836418867111206
1.8245421088772056
1.77713484455038
1.7823878394232855
1.8188673154807384
1.879612382547355
1.8418370794366907
1.7752354248070423
1.7933921607924097
1.8262636602660756
1.8367684100881034
1.7862218853868084
1.811040358778871
1.8184682013076028
1.7526294552249673
1.7693061225208235
1.815662180935895
1.8263833419776256
1.733563361344514
1.736325533301742
1.9216875043916113
1.7835362943602198
1.7619251248277263
1.7641453169010304
1.7991266824581005
1.8180079504295632
1.7646797858638528
1.7568551346107766
1.7661979566385717
1.7732492052478555
1.7816136472019148
1.7429970267378254
1.75419024552828
1.7639353260581876
1.7913600000334375
1.749503825917656
1.7936490730003074
1.6917277883600306
1.7308081476776689
1.7194157750518233
1.8188203190579826
1.7623393859392331
1.7699102133880427
1.7651478581958346
1.734399711644208
1.7299303066583327
1.728412260243922
1.7551443812287884
1.7030066958180181
1.734779163643166
1.8316874975039634
1.7398580798396357
1.7223932286839427
1.6791056203253476
1.7013596104986874
1.7473978731367323
1.727660444047716
1.78358644467813
1.7161263624827068
1.6895854576134388
1.7581544643566933
1.6897055926146332
1.7623571959542639
1.7875194873338864
1.7389071061287398
1.74988697414045
1.7660889081013056
1.7285626817632604
1.6285767466933638
1.7441914199311057
1.7038486239350872
1.7265725915814623
1.7291386900124726
1.7077773618109433
1.7005851725001393
1.743273910181022
1.7199700408511691
1.692318398275493
1.685650125697807
1.705334214516628
1.6837854760664481
1.6994493037094305
1.7437794002485865
1.6806535603087625
1.7468349580411557
1.6807867207644898
1.7907981872558594
1.7350085105425046
1.6358661504439365
1.6611151503927915
1.7073171514051932
1.6897900148674294
1.6510801962864252
1.6390349776656539
1.6697453907978388
1.6283734227404183
1.7332549124588201
1.6372867388489805
1.6527954707910986
1.6409159869323542
1.6893398761749268
1.6706952511528392
1.7116205309644157
1.6705634932459137
1.634955515096217
1.6387893196977215
1.6514183724368061
1.6812052270512523
1.6777881295592696
1.6480391415548914
1.687380490479646
1.677623404396905
1.666538217921316
1.6861701350153229
1.6212013636106326
1.6308722613770286
1.5849593885150957
1.6776816315121121
1.640629240024237
1.6935340931386123
1.7185721699102425
1.5714185649966017
1.6258412334654067
1.6169440084033542
1.6303092579782745
1.6844283209906683
1.6614379514882593
1.6317419821833388
1.6732556334248296
1.6332578136597151
1.6575299663308225
1.6336929113776595
1.6166151048224648
1.6036369712264449
1.6525888994888023
1.647747345176744
1.6074760718110166
1.7415756575855208
1.6385726693235798
1.6202105872425032
1.6379878594551558
1.573072248035007
1.6232163972324796
1.6218962492766205
1.7201899569711567
1.5629605378633664
1.6611941993972401
1.688873522075606
1.6773347162906034
1.606655126736488
1.6140238826657518
1.5869376710903498
1.6194475749392567
1.5608390628555675
1.6855495270387626
1.5923595399032404
1.6599279200589214
1.682102065027496
1.641167187396391
1.5936576164798972
1.5663391233962258
1.5449946412333735
1.6125562404408866
1.575925142676742
1.5729645078564867
1.6533333563510282
1.6214941460409282
1.57189056608412
1.6108467814363079
1.5524454815888111
1.5749497060422544
1.5620405732849498
1.639470182819131
1.5637980162361522
1.5751344627804227
1.5744895611280276
1.585950482038804
1.5416735830130401
1.6718821010471863
1.6507338653376074
1.6048658556408353
1.5873823239479536
1.632625996330638
1.592972597958129
1.6008269448339203
1.5959925254185994
1.6263405894055778
1.556592019987695
1.6057315446712352
1.5530269859749595
1.5574970561781047
1.5362241010607025
1.5377533752241253
1.537949917493043
1.566215013280327
1.5603446386478566
1.5433603591389127
1.5334341761506634
1.593582687554536
1.523451264993644
1.6122594254988212
1.5888654972300118
1.5339634462639138
1.592184575251591
1.5368035354731995
1.5807151080649575
1.5925311615437636
1.5399952876715013
1.523577282458176
1.5373351434130726
1.5254920456144545
1.5277133120430841
1.4989703062139912
1.530525122895653
1.519875285802064
1.5761429718983027
1.5039667788846993
1.587158473185551
1.5520819705209614
1.540706671314475
1.530455200024593
1.552673206653124
1.5713481726469818
1.55558912842362
1.4982283100669767
1.5411201332822257
1.5016164073237666
1.5813498048134793
1.532738595833013
1.5830164367769972
1.548400647846269
1.5157278003516022
1.5624083545472887
1.5039585210658886
1.4532630612820754
1.5368361517235085
1.5679261875741275
1.5176939125414248
1.5418728369253654
1.4721045111432487
1.561656406632176
1.5043747498665327
1.5286722580591838
0.0
