3.2160420211744896
2.640649726361404
2.5501739596143183
2.445371339350571
2.293849097357856
2.2286171265590338
2.1361678971184626
2.1662577243498813
2.1259000448533047
1.982622813295435
1.9762069318029616
1.9389024082525277
1.9071697040840432
1.9601476633990254
1.8476713748625766
1.7695492800371146
1.839187432218481
1.7558950244644542
1.6823125724439267
1.6852313147650824
1.6456223490797444
1.6378687075626703
1.570011149218053
1.6312096413270927
1.5642122633663225
1.5052521125769909
1.5190890416686917
1.4707760450280742
1.4943635287108246
1.4772304222907549
1.4707030749615329
1.4322616376994568
1.4007313899051996
1.3970456579585133
1.3749742125287467
1.3913362791508803
1.3714531431963415
1.3485816400728108
1.380307133550997
1.3131882320215673
1.3077558867725325
1.2953798822414728
1.2466801802317302
1.2895412857149855
1.3169838889145558
1.249852541052265
1.2355504286142043
1.243200444880827
1.256798184948203
1.1903160339520302
1.2215546170870464
1.1982474591996934
1.2113064969027485
1.1874503257833882
1.1570713424388273
1.1685004491864899
1.1653957072599435
1.1787510528976535
1.1386867548212594
1.1595977978941836
1.1565455470556094
1.1427248068797735
1.1247175321166898
1.1203445858425565
1.0954629594897047
1.117757084193053
1.1107257295537878
1.0948912567562528
1.0872057072910262
1.0528162283661924
1.0502745222162317
1.0537296077351512
1.1026343247036876
1.057977674919882
1.072306767657951
1.0688902647406966
1.039244991025807
1.0159956982106337
1.0233393171687184
1.019810727349034
1.0026102890203028
0.9985427024923725
1.020136778001432
0.9959506495499316
0.9726248994285678
0.9932468209737613
0.9925006208596406
1.0128942360112696
0.967024095264482
0.9950164512351707
0.9689999575968142
0.9611869012867963
1.0091816944840513
0.9501441875357687
0.9482242119165114
0.9378985975995476
0.956242839495341
0.915331075956792
0.9846337032906803
0.9688022070460849
0.9704315309171323
0.9242759155638424
0.9109806823141781
0.9264297264593618
0.900134155779709
0.9280218643906676
0.9434712683712995
0.9357070238501938
0.9078920211321042
0.9222031743438156
0.9098917194354681
0.8894836321289157
0.9310665594206916
0.933220742661276
0.9160804351170858
0.9171987551229971
0.8933766701339204
0.8798502790339199
0.8603120946589812
0.8842215493873313
0.8865396564389453
0.8574611956690564
0.8835085880609206
0.8648539023634828
0.874929310363016
0.8804225855403476
0.8768772961180887
0.861038002702925
0.8257246672371288
0.833443565869037
0.8661814170119203
0.8130933612952997
0.8880038953121797
0.8588906438262375
0.8442817422342889
0.8613802279219215
0.8700385273974619
0.8118428437062252
0.8405745161904229
0.8257088506663287
0.8074698716769984
0.8193260799219579
0.8094396204860123
0.8022133005254063
0.8466702081539013
0.7921393263487169
0.8040259837368389
0.7996028433611364
0.7888716886072983
0.8087877723169915
0.8100727281452696
0.7946052558628129
0.8066435294386781
0.7886916991369224
0.8132880988680287
0.7990571845460821
0.7789689909528803
0.7502892090950484
0.7379195473076384
0.7931615772806568
0.7501963818514789
0.7809513130305726
0.7574410946280868
0.7553613796646212
0.7732463780744576
0.8012238866017188
0.762330362090358
0.7623454512637339
0.7802897949277618
0.7284497971887942
0.7563492313579276
0.7846970164481505
0.7586096624533335
0.7609122726652358
0.7559267591547083
0.7177250425756714
0.7491216832472954
0.7287846498283339
0.7501227381052794
0.760910834795163
0.7390106508025417
0.7352199009907099
0.7152632743488123
0.7440112829208374
0.7288172130967364
0.715833682336925
0.6900903383890787
0.7157265061949506
0.7076356160787889
0.7495844003594951
0.7252112932411241
0.7177095858403194
0.7127497060063445
0.7140764491057691
0.7354895833097859
0.6947070242446146
0.7015759253207549
0.7168567879700366
0.7053882685708411
0.6896234092153148
0.704034024182661
0.7027037316634331
0.7157145142555237
0.693962686959608
0.7257053554058075
0.6897911370536427
0.6895934821646891
0.6995503648563668
0.718033210730847
0.7143568411285495
0.6762096775166783
0.6941556628839469
0.7030820401362431
0.6775362079526172
0.6903928588201971
0.6890377667215135
0.7008022625505188
0.659246070517434
0.6852669833618917
0.6619226568275027
0.6704079295382087
0.6784579477928303
0.6666308457468763
0.6737553856255095
0.6745316651132371
0.6651193510603022
0.6445013288362527
0.6705939365021977
0.6622214350435469
0.6915102980019133
0.6603849975415218
0.6489275329642825
0.6461730614120578
0.6436887140627261
0.6542530357837677
0.6735895044273801
0.6398522371863141
0.6449025435212218
0.6364418378582707
0.6638235832438056
0.6510546534885595
0.6452602928067431
0.6415378587481416
0.6298331794915376
0.6500747553360315
0.6434470407756758
0.6469093969574681
0.644746220038261
0.6442416681919569
0.628031728444276
0.663051634291072
0.6501630007484813
0.6208448869946562
0.6563058326273788
0.6273772238213339
0.6414244546566481
0.6167898902922501
0.6271601183178984
0.6404191943598382
0.6113137808846839
0.643676182370127
0.6316157564704801
0.634941397625723
0.6081732813222909
0.6313022040290597
0.6117292377683852
0.620289256543289
0.6053834949378614
0.624151682044253
0.6227971926147555
0.6067542080525998
0.6046754997453572
0.6199857228332095
0.6304468012150423
0.618474891524256
0.5905352882397028
0.5916101097324749
0.6012206931173065
0.6153607423658725
0.6040176958949478
0.6238207084897124
0.6065810517764386
0.6262221222306475
0.6200534013318427
0.6010146435396171
0.5993051911577766
0.6119894072597409
0.6057121021512114
0.6064364652574799
0.5990966179488618
0.6227015385657181
0.5894993790137915
0.6066929223360839
0.6297530002064176
0.6089500553078122
0.578152573770947
0.6051340430607031
0.5835268607846013
0.597342476800636
0.5769866090497853
0.5891857349578246
0.6236537625024348
0.6190432861999229
0.5859071564527205
0.584857913814945
0.5757631733093733
0.5846358121913157
0.600123389635557
0.5946749010939657
0.6062229330892916
0.5851803009892688
0.5794918632801668
0.5957246978341797
0.5772246839823546
0.5886492780697199
0.5981487381605455
0.593807429443171
0.5668675954695102
0.5648218812765898
0.5861323726030043
0.5578280852900611
0.553056495057212
0.5517400900522867
0.5549758290067132
0.5518770471767143
0.5627914037969377
0.5579560104711556
0.5392236485157484
0.5432921015186074
0.56892368602164
0.572781836177096
0.5684480376449632
0.5438979047316091
0.5561358306878879
0.5347092236265724
0.5487201147609286
0.5538027823707203
0.5408797050699775
0.5235784075878285
0.5494440150113753
0.5392488263271473
0.5223446871027534
0.5368440975377589
0.5307188545480187
0.5298298556863525
0.5748119744253747
0.5553217611195128
0.570817494465981
0.5406030578377806
0.5318167577555151
0.5423251423570845
0.5503092673089769
0.5611416064662698
0.5469098392828011
0.5579614447958675
0.5535953688768693
0.5549773706330193
0.543077466296561
0.5612967739134659
0.5551108960752134
0.5966025451083242
0.5398733487099777
0.5567626813311636
0.5573624431351085
0.5288810663753085
0.5434593160947164
0.5243723896550544
0.5147981731979935
0.5491184618002103
0.5293940949587175
0.5287776968361418
0.552656693223082
0.5353453702028886
0.5367972688910402
0.5235637805344145
0.5025087101959888
0.5545733081705776
0.5238611416684257
0.5406323833230101
0.5030862435146615
0.5334399728863327
0.5273799222928507
0.5325891114311454
0.5135567283924715
0.501947608626919
0.5282484307701205
0.5098934324435246
0.5279945065209894
0.5143279043244727
0.5013285669279687
0.4930120662406639
0.5115370503914209
0.5002055863539377
0.5151238360522706
0.49441107040570104
0.5389187409553999
0.5095581960530928
0.5191978091075097
0.5260382221068864
0.49894460483833597
0.0
