4.2350325084026945
3.7453373626426414
3.486863339388812
3.4886364730787864
3.4665974304999834
3.3277367132681386
3.450474821491006
3.3079913869316195
3.2671344574586847
3.2789866659376354
3.2136784983269964
3.280977190276723
3.2756134021429366
3.250547644532757
3.3208979191603483
3.215436611646487
3.2274537439699524
3.210578312108546
3.214717288076142
3.2267851049517406
3.15739878460213
3.191644079891252
3.123677939544489
3.1305793715112005
3.1253414536699835
3.12009346190794
3.0996646410153237
3.08406843079461
3.0905811462873296
3.104086772895154
3.1223758709283524
3.0324147483448924
3.0811016382994474
3.0475598603119085
3.0265602462085677
3.0484421370941917
3.030522596688918
2.9944983823799793
2.9684801248856534
2.897371103734146
2.8716922880690774
2.818539697446941
2.872084711804802
2.8602979948491227
2.8596095862212003
2.78818628081569
2.839620370923737
2.840271586253319
2.7171936771016063
2.929774107756438
2.741536049195278
2.7947219875123768
2.809178776211209
2.7180114969795133
2.7385712096720565
2.731597791483373
2.707827256049639
2.709608169249546
2.6560447260185525
2.6895826127794056
2.7466557599880077
2.7221246560414634
2.5925665034188166
2.6594937980910878
2.6956114165576888
2.6314974037217507
2.667934419196329
2.6514088886755482
2.6149112515979342
2.565575330345719
2.6252173715167575
2.621362231395863
2.660462859236164
2.550477675449701
2.5663692524403703
2.6178398235344593
2.6268308633639488
2.593298570609387
2.538926577862398
2.5447984448185674
2.557586304935408
2.5581954614615734
2.592415590345124
2.592407821137228
2.5657003705884205
2.524453673833682
2.528760050549919
2.4726257177046786
2.5347404038464583
2.5014526902893444
2.5368516342139538
2.5095447184127053
2.475867900583479
2.4989279758783036
2.539382248748968
2.4683869149949818
2.4665494686291543
2.470184786820117
2.5139070925889193
2.5646285863570224
2.481810958297164
2.4648130617023987
2.515928667268635
2.416318693278748
2.4957313934961953
2.4192651686845004
2.402900990144706
2.5068972257920255
2.3977864877677257
2.4097372985180514
2.4014647095291703
2.4464465659341696
2.453990206306363
2.3598542287025923
2.381741394231349
2.471043636769424
2.415413166269844
2.3999031679129894
2.373233755429586
2.3555989692240584
2.4791086926872348
2.333983733330244
2.3163285402604092
2.4318439033296375
2.4402094152238636
2.343952891267376
2.369532217214137
2.3525706205838994
2.305872279920696
2.357388801044888
2.401003290105749
2.4300662808948092
2.3115175197153914
2.3433168008003706
2.410055911099469
2.3131624092290433
2.316938266342069
2.303366724355721
2.269262357994362
2.3617274437421636
2.3087463956556205
2.3632652899365367
2.251326712561242
2.295573553921264
2.3058168520162137
2.2802212562090083
2.339284637827932
2.215677954532482
2.2666655587561335
2.301120634432192
2.2502921010241095
2.2281039747191063
2.307740436659919
2.2050531455028204
2.252807386127519
2.2257602832935475
2.224909233458248
2.2366163789490123
2.203145377429915
2.235601775440169
2.2413014776912736
2.151545645278177
2.222968047047839
2.189700139893426
2.209859758247564
2.189571808885645
2.2373465888294173
2.2496840291553073
2.1275392888504783
2.239135519957837
2.226156527613416
2.1477849880854287
2.1707036245016402
2.1877440493783835
2.184136367138521
2.138767883365537
2.11435467078362
2.1726507389986955
2.1424078735304466
2.2043248223669734
2.1583491961161294
2.1376919363751825
2.0945435894860163
2.1492099909134854
2.142751177151998
2.078539467152254
2.122901036415571
2.143425738369977
2.099994718292613
2.1333362290888656
2.097288049297568
2.1030215628353166
2.157073743549394
2.1106917961144154
2.0949027243955634
2.0713556909266813
2.18705055448744
2.15685224680253
2.1232213046815662
2.1003164921277837
2.0842102265652316
2.1166371136535833
2.055405235584871
2.0882804526223078
2.065975660159264
2.0810864987196744
2.0610921618379194
2.070106381251488
2.0835100986339428
2.0612745962025207
2.0080120298597546
2.0761399504579146
2.0322984133237676
2.0119001188395935
2.054102620960754
2.080638939951673
2.032072960594554
1.9881020585695903
2.0118824766006
1.9687360422110851
2.0947423187302956
2.0492577486568027
2.083043956462248
2.0703181823094687
1.9721008568634222
2.038248259344219
2.0334155059155123
2.032350891902123
2.043542293854702
1.950781031155292
2.0192452919336015
1.9991646180918188
2.0219981140560574
2.009680050390738
1.981695579893795
1.9539184673332874
1.9482446334980152
1.9969387319352891
2.0194011153998197
2.0262088569594017
2.003825097172349
2.0582835740513272
1.9938683347937503
2.0313019708350852
1.9978300745104567
1.9559329365506584
1.9216436434675146
1.923996330043416
1.96326920721266
2.0225274430380926
1.9725232403955342
2.0257475817645036
1.9648697126058885
1.9517370131280687
2.0509327561767012
2.02143320478039
1.9565776866159321
1.9767702023188274
1.9447277107356506
1.931505685971107
1.9183866050508287
1.9534685258512143
2.0338700627103266
1.9181370109687617
1.9750792891890914
1.9372375011444092
1.9746846240243794
2.016781265352979
1.9495968494886233
1.9886992706192865
1.9383241364985337
1.9173473090301325
1.926122921484488
1.89678763165886
1.9629051096645402
1.951926800203912
1.9856064319610596
1.9467493722468248
1.877033034960429
1.9292104332535356
1.8690329238220498
1.9646397726035412
1.971342154491095
1.982186726581903
1.9496847994533586
1.8424248577635964
1.9080614388724904
1.9365892756132432
1.8439364462722967
1.860511972580427
1.9160558573993636
1.9109465443057778
1.9312578513298506
1.931911222728682
1.9527707762188382
1.8622442999003845
1.9105650628054585
1.9042154955275266
1.8507185475325878
1.9121085022702629
1.9063163186297005
1.868539332607646
1.9365776482923531
1.9442384552072596
1.9104028954918002
1.888583242893219
1.861134927213928
1.831806597886262
1.9437024240140561
1.8994972440931532
1.8936706494402002
1.9182632896635268
1.878643078568541
1.9209523443822507
1.9412453402707606
1.8567298179791298
1.8658102515303059
1.8503135442733765
1.82741548102579
1.8899656225133825
1.876654828036273
1.8178856586232597
1.8606787073759385
1.8306375918564972
1.811789051986035
1.8891612453225217
1.825856731261736
1.784237793934198
1.855823846510899
1.893472699471462
1.8457594727292472
1.840744404145229
1.8241300170804247
1.8087484255249118
1.880752123432395
1.7624300953782635
1.836041435783292
1.8999534727614602
1.776945690313975
1.8091227493168396
1.8088923773647827
1.811688929428289
1.8893250896606917
1.8570114352084972
1.8722120589680142
1.7263065289568018
1.7437674653382949
1.7730821676460313
1.8136042106298753
1.779922173347002
1.8057076239291532
1.822525421778361
1.7747557251541703
1.7271979377593523
1.8592151697771049
1.7751236506450323
1.7054889540613434
1.8623440228862527
1.9103922917519087
1.7579604372566129
1.822743085431464
1.7651274631052842
1.759517824208295
1.7841732031033364
1.8765462158638755
1.8016095522009297
1.856952523007805
1.8011531932854359
1.8000610250013847
1.703078720304701
1.7845208173916665
1.7982687560128576
1.7961276843224043
1.7745986838399628
1.7592381798190835
1.7269892052367881
1.797020783394943
1.7349902155958576
1.8100775862917489
1.8219727204169756
1.7859286055152799
1.7713516862304122
1.7498639947102395
1.8067452480763564
1.7674515784522633
1.8165422118740318
1.804696105144642
1.786970849390383
1.7184866379808497
1.796683421841374
1.8331916898856928
1.7601902646782956
1.75774148143368
1.766051255626443
1.7671792536606024
1.7751519518134036
1.7014697620898118
1.689700949339219
1.7563636854842857
1.726261681980557
0.0
