4.883662780125936
4.108689169824859
4.040540565679103
3.8737904377925543
3.8341436709886714
3.642533281703054
3.5595561457268987
3.4538545284742193
3.398791625175947
3.3952581176051386
3.2299509637149764
3.031947895332619
3.136391742729846
3.0824514553870683
2.9916139796928123
3.1059015179857794
2.9448649633077926
2.9705464486722595
2.8845139580008423
2.8728348399385992
2.7511700921588473
2.785482926133238
2.82987928096159
2.728177644588329
2.6603757599253712
2.7134215140048368
2.6985526320375044
2.635713589044265
2.621467134098948
2.657299855608999
2.5386702057756025
2.681275289735676
2.5276030979038757
2.538458044146314
2.4743990059252137
2.5363508448188687
2.566593449792744
2.4511406804308478
2.5835631143899613
2.4671393470999634
2.4893498656190474
2.3827325252839078
2.5414977647640087
2.4612821060934182
2.4532741705576577
2.420482079188029
2.4971156900311695
2.447570142922578
2.332124576156522
2.418222549520893
2.34408211119381
2.410161454000591
2.3892346061306236
2.3932860604038946
2.358170257674323
2.3137939314783353
2.349027860311814
2.248365023989736
2.2525948918895957
2.333722832762165
2.365942962375688
2.3640425322968284
2.2478997486609
2.282674777654954
2.2504300040963257
2.3254783624484214
2.2818737206635653
2.3468574859477855
2.2287511899147505
2.210054815551381
2.268498095465295
2.294570232615059
2.328280226683911
2.2292491462495594
2.2234075599246554
2.2078266349839577
2.2180424634321234
2.2771146635950346
2.176256608079981
2.2528198000825483
2.268336618388141
2.1794994142320423
2.205977569391698
2.1727045038600026
2.2438531672513045
2.1515670264208757
2.135300784935186
2.128036665327755
2.2175386908613604
2.1857812375198176
2.1547345864919967
2.1081990091888994
2.1293396949768066
2.1191092214466614
2.1555193530188665
2.0918295898555237
2.1400062566922036
2.111962049095719
2.1915922061896618
2.142553913740464
2.1286791621902843
2.075128746621403
2.1071484294938454
2.100138661302166
2.128771118175836
2.0184423997078413
2.047692022205871
2.103476193216112
2.1278619677932173
2.0820250511169434
2.056741992632548
2.1154231635140786
2.0495765503541925
2.051757624119888
2.0467874194368902
2.0772411322888034
2.090139949763263
2.0588542958836498
2.059465601120466
2.0584575188012773
2.0793484729013327
2.0688432587517633
2.0437891939539967
2.0436757861832042
1.9794424683959395
2.072647796736823
2.025097879362695
1.9949670559094277
2.001269275759473
2.014633290561629
2.0235658207057434
1.9919871047691062
2.0189885048218716
1.9441511307233645
2.0170935539551724
1.9458261227902072
1.9554489394764842
2.04406495594684
2.001256349646015
1.9887142505174802
1.913881363692107
2.0210441086027355
1.970388466929212
1.972517995186794
1.9931290650073392
1.9914402711538621
2.0452945629755654
1.939136196065832
1.9787769067434617
1.9301148211514507
1.9652452483589267
1.942313304653874
1.9664985515453197
2.012844962838255
1.884597889435144
1.8640738563773074
1.9201695374500605
1.941210013848764
1.9310919355463099
1.9267606337865193
1.9115176259735485
1.9240077895882688
1.9450309806399875
1.9857282285337094
1.8645247780246499
1.9546618078961784
1.93701328465968
1.9451560024861936
1.92605870741385
1.989379566392781
1.992861999405755
1.9052924521175432
1.960875689247508
1.9946267325201152
1.951839867933297
1.9111356691077903
1.8466943428840166
1.9699655565214746
1.880621080045347
1.9542488757474923
1.911370121402505
1.86913173728519
1.9115285255290844
1.882594879762626
1.8873638370890675
1.8717332931212436
1.854672418700324
1.937188379558516
1.8615235678943587
1.8663538297017415
1.9228023025724623
1.8799517890553417
1.889704117068538
1.9014165901843412
1.8284073185037684
1.8794960063180806
1.9075746477386097
1.852241414564627
1.908139693148342
1.8559040625890095
1.9430798365746016
1.8725500651347784
1.882400315484883
1.875133177380503
1.867507173691267
1.8449489363917597
1.8638100727104847
1.9115492488131112
1.8695681934003476
1.8747420723055617
1.8388105675026223
1.84036891107206
1.8375016274275604
1.8173809301706008
1.9761102140685658
1.7990529831544853
1.7771743565429876
1.8602286371183985
1.8168461985058255
1.8715296851264105
1.9153092025238792
1.8546515077720453
1.8587536458615903
1.8347307473053167
1.7960968370790835
1.8308392858799594
1.8018792308407066
1.8851735797929174
1.889692238819452
1.8232031457218123
1.8989904854032729
1.8379706644717557
1.812625757706018
1.8433196544647217
1.7714794020593903
1.8468256379351204
1.8163315955503487
1.844031521567592
1.7982599293744121
1.84394019179874
1.7897877119205616
1.832133056204996
1.7493390801512165
1.8801418763619882
1.8996239606245064
1.7478146862100672
1.74690654689883
1.7682686183187697
1.803404923574424
1.7547099281240393
1.774474717952587
1.8984675760622378
1.8216274049546983
1.8454263931439248
1.8526199482105397
1.829706891083423
1.7487620026976973
1.756497260964947
1.8000072873668906
1.8012155279701139
1.7969145627669345
1.8003476048693245
1.7377069570400097
1.7425180982660364
1.7553304374953846
1.7298729942168718
1.7378725004784854
1.840374384397342
1.7713979070569261
1.83877647658925
1.7567726152914542
1.7434293311319233
1.7773614680325542
1.7211737897660997
1.757704397778452
1.7272110551963618
1.796888291099925
1.8025918713322393
1.73309980056904
1.7266184636104254
1.746904468094861
1.8140988055570626
1.7756688285756994
1.806197918491599
1.7795834394148837
1.7937800737074863
1.7133719406010193
1.707704931129644
1.6882129392506164
1.7555186748504639
1.667745198732541
1.7583996212040935
1.725953643704638
1.7873854122044128
1.844747758206026
1.7392128794281572
1.7958517648555614
1.7388518033204254
1.6805826778765078
1.701602531068119
1.7301438561192266
1.7609126273496651
1.6992828345593112
1.827384489553946
1.8106080676302498
1.905006891415443
1.7576149451879808
1.779038816322515
1.7834622675989882
1.763435924494708
1.702012946576248
1.7669364876217313
1.7534539817292014
1.7422964661209672
1.7675988100193165
1.6701499746169572
1.7396430402626226
1.7223088756019687
1.6598056554794312
1.7257081932491727
1.6630677808949976
1.7122642118253826
1.7529373787067555
1.6856462661130929
1.7225455972883437
1.7506298165262482
1.689995269716522
1.7260103417031558
1.7022773380632754
1.8229663739969701
1.6936589435294822
1.71900377155822
1.6965612334969602
1.6881215712170543
1.7308964905915436
1.7477559587101879
1.7991529452947923
1.7173976530263453
1.6910265963754536
1.7095531342942039
1.6919815260686992
1.7742345715746468
1.704323642047835
1.7564386431081795
1.6931855788937322
1.6598135939350835
1.7632656612513977
1.6744353682906539
1.7264294079792353
1.699675608564306
1.6911480014706834
1.7379991529900352
1.651057419217663
1.6581473703737613
1.6881918656973192
1.6869303429568256
1.6663571191422732
1.7120445598790675
1.667445319670218
1.6493323783815643
1.656141451847406
1.619873575222345
1.644900185826384
1.6375744651865076
1.7284065146505097
1.6611878857200528
1.6569737321064797
1.6465812273967413
1.5890953069851723
1.678848890610683
1.631588708471369
1.7100755432505665
1.6614739806563765
1.63645072778066
1.7264269605095004
1.6764804124832153
1.7349426334286913
1.6575968317043634
1.658574961585763
1.6716178743927568
1.7040055180773324
1.5924481499342271
1.6436806034158777
1.6638031623981617
1.6597397555539637
1.627970576286316
1.7352811142250344
1.675855075871503
1.6506551857347842
1.6621295390305695
1.6162612165933774
1.6004546365620178
1.609674369847333
1.6597421367963154
1.6746637556287978
1.6844687314681064
1.6289414285141746
1.6181321600337086
1.6313170415383798
1.5959182889373213
0.0
